993.7619047619048
993.7619047619048
0.0
0.0
124.0952380952381
28.095238095238095
0.0
12.619047619047619
9.904761904761905
18.19047619047619
0.0
11.380952380952381
0.0
3.0952380952380953
16.285714285714285
16.285714285714285
19.19047619047619
111.23809523809524
45.95238095238095
3.6666666666666665
3.0952380952380953
9.714285714285714
9.714285714285714
63.61904761904762
63.61904761904762
4.761904761904762
15.095238095238095
14.19047619047619
7.238095238095238
36.80952380952381
47.142857142857146
10.80952380952381
2.619047619047619
13.666666666666666
29.904761904761905
22.857142857142858
5.333333333333333
19.238095238095237
0.0
0.0
0.0
17.38095238095238
0.0
0.0
0.0
2.761904761904762
47.61904761904762
48.38095238095238
13.095238095238095
50.095238095238095
0.0
0.0
15.80952380952381
3.142857142857143
2.380952380952381
0.0
3.0
2.857142857142857
2.857142857142857
2.857142857142857
0.0
0.0
0.0
2.857142857142857
18.38095238095238
4.619047619047619
4.619047619047619
0.0
0.0
6.857142857142857
4.619047619047619
78.80952380952381
7.285714285714286
0.0
22.523809523809526
3.857142857142857
15.523809523809524
12.19047619047619
0.0
4.761904761904762
0.0
5.333333333333333
6.333333333333333
0.0
0.0
0.0
0.0
29.80952380952381
2.857142857142857
0.0
0.0
16.428571428571427
81.14285714285714
59.857142857142854
4.095238095238095
28.333333333333332
2.5238095238095237
2.9523809523809526
0.0
0.0
2.4761904761904763
2.5238095238095237
0.0
0.0
0.0
11.714285714285714
